6571440
6571256
6571624
6571400
6571768
6571544
6571808
6571584
6571992
6571728
6572136
6571872
6572176
6571912
6572320
6572056
6572360
6572096
6572504
6572240
6572544
6572280
6572688
6572424
6572912
6572464
6573056
6572608
6573280
6572648
6573424
6572792
6574200
6572832
6574344
6572976
6576224
6573016
6576368
6573160
6576408
6573200
6576776
6573344
6576960
6573488
6577208
6573632
6577392
6573776
6577640
6573920
6577824
6574064
6577968
6574208
6578048
6574248
6578088
6574288
6578120
6574320
6578304
6574464
6578488
6574608
6578672
6574752
6578976
6574896
6579016
6574936
6579048
6574968
6579088
6575008
6579304
6575040
6579448
6575184
6579488
6575224
6579672
6575368
6579816
6575512
6580080
6575552
6580224
6575696
6580304
6575736
6580344
6575776
6580480
6575808
6580520
6575848
6580616
6575880
6581032
6575960
6581176
6576104
6581216
6576144
6581432
6576288
6581616
6576432
6581800
6576576
6581984
6576720
6582128
6576864
6582168
6576904
6582312
6577048
6582536
6577088
6582976
6577232
6583120
6577376
6583296
6577416
6583440
6577560
6583512
6577600
6583544
6577632
6583576
6577664
6583608
6577696
6583640
6577728
6583672
6577760
6583704
6577792
6583736
6577824
6583768
6577856
6583800
6577888
6583832
6577920
6583864
6577952
6583896
6577984
6583928
6578016
6583960
6578048
6583992
6578080
6584024
6578112
6584056
6578144
6584088
6578176
6584120
6578208
6584152
6578240
6584184
6578272
6584216
6578304
6584248
6578336
6584280
6578368
6584312
6578400
6584344
6578432
6584376
6578464
6584408
6578496
6584440
6578528
6584472
6578560
6584504
6578592
6584536
6578624
6584568
6578656
6584600
6578688
6584632
6578720
6584664
6578752
6584696
6578784
6584728
6578816
6584760
6578848
6584792
6578880
6584824
6578912
6584856
6578944
6584888
6578976
6584920
6579008
6584952
6579040
6584984
6579072
6585016
6579104
6585048
6579136
6585080
6579168
6585112
6579200
6585144
6579232
6585176
6579264
6585208
6579296
6585240
6579328
6585272
6579360
6585304
6579392
6585336
6579424
6585368
6579456
6585400
6579488
6585432
6579520
6585464
6579552
6585496
6579584
6585528
6579616
6585560
6579648
6585592
6579680
6585624
6579712
6585656
6579744
6585688
6579776
6585720
6579808
6585752
6579840
6585784
6579872
6585816
6579904
6585848
6579936
6585880
6579968
6585912
6580000
6585944
6580032
6585976
6580064
6586008
6580096
6586040
6580128
6586072
6580160
6586104
6580192
6586136
6580224
6586168
6580256
6586200
6580288
6586232
6580320
6586264
6580352
6586296
6580384
6586328
6580416
6586360
6580448
6586392
6580480
6586424
6580512
6586456
6580544
6586488
6580576
6586520
6580608
6586552
6580640
6586584
6580672
6586616
6580704
6586648
6580736
6586680
6580768
6586712
6580800
6586744
6580832
6586776
6580864
6586808
6580896
6586840
6580928
6586872
6580960
6586904
6580992
6586936
6581024
6586968
6581056
6587000
6581088
6587032
6581120
6587064
6581152
6587096
6581184
6587128
6581216
6587160
6581248
6587192
6581280
6587224
6581312
6587256
6581344
6587288
6581376
6587320
6581408
6587352
6581440
6587384
6581472
6587416
6581504
6587448
6581536
6587480
6581568
6587512
6581600
6587544
6581632
6587576
6581664
6587608
6581696
6587640
6581728
6587672
6581760
6587704
6581792
6587736
6581824
6587768
6581856
6587800
6581888
6587832
6581920
6587864
6581952
6587896
6581984
6587928
6582016
6587960
6582048
6587992
6582080
6588024
6582112
6588056
6582144
6588088
6582176
6588120
6582208
6588152
6582240
6588184
6582272
6588216
6582304
6588248
6582336
6588280
6582368
6588312
6582400
6588344
6582432
6588376
6582464
6588408
6582496
6588440
6582528
6588472
6582560
6588504
6582592
6588536
6582624
6588568
6582656
6588600
6582688
6588632
6582720
6588664
6582752
6588696
6582784
6588728
6582816
6588760
6582848
6588792
6582880
6588824
6582912
6588856
6582944
6588888
6582976
6588920
6583008
6588952
6583040
6588984
6583072
6589016
6583104
6589048
6583136
6589080
6583168
6589112
6583200
6589144
6583232
6589176
6583264
6589208
6583296
6589240
6583328
6589272
6583360
6589304
6583392
6589336
6583424
6589368
6583456
6589400
6583488
6589432
6583520
6589464
6583552
6589496
6583584
6589528
6583616
6589560
6583648
6589592
6583680
6589624
6583712
6589656
6583744
6589688
6583776
6589720
6583808
6589752
6583840
6589784
6583872
6589816
6583904
6589848
6583936
6589880
6583968
6589912
6584000
6589944
6584032
6589976
6584064
6590008
6584096
6590040
6584128
6590072
6584160
6590104
6584192
6590136
6584224
6590168
6584256
6590200
6584288
6590232
6584320
6590264
6584352
6590296
6584384
6590328
6584416
6590360
6584448
6590392
6584480
6590424
6584512
6590456
6584544
6590488
6584576
6590520
6584608
6590552
6584640
6590584
6584672
6590616
6584704
6590648
6584736
6590680
6584768
6590712
6584800
6590744
6584832
6590776
6584864
6590808
6584896
6590840
6584928
6590872
6584960
6590904
6584992
6590936
6585024
6590968
6585056
6591000
6585088
6591032
6585120
6591064
6585152
6591096
6585184
6591128
6585216
6591160
6585248
6591192
6585280
6591224
6585312
6591256
6585344
6591288
6585376
6591320
6585408
6591352
6585440
6591384
6585472
6591416
6585504
6591448
6585536
6591480
6585568
6591512
6585600
6591544
6585632
6591576
6585664
6591608
6585696
6591640
6585728
6591672
6585760
6591736
6585792
6591768
6585824
6591800
6585856
6591832
6585888
6591864
6585920
6591896
6585952
6591928
6585984
6591960
6586016
6591992
6586048
6592024
6586080
6592056
6586112
6592088
6586144
6592120
6586176
6592152
6586208
6592184
6586240
6600184
6586272
6600328
6586416
6600368
6586456
6600512
6586600
6600552
6586640
6600584
6586672
6600768
6586816
6600952
6586960
6601168
6587104
6601352
6587248
6601616
6587392
6601760
6587536
6601800
6587576
6601944
6587720
6601984
6587760
6602016
6587792
6602160
6587936
6602200
6587976
6602344
6588120
6602384
6588160
6602528
6588304
6602568
6588344
6602600
6588376
6602824
6588520
6602864
6588560
6602896
6588592
6602936
6588632
6602968
6588664
6603008
6588704
6603040
6588736
6603080
6588776
6603112
6588808
6603152
6588848
6603184
6588880
6603224
6588920
6603256
6588952
6603296
6588992
6603328
6589024
6603368
6589064
6603400
6589096
6603440
6589136
6603512
6589168
6603544
6589200
6603728
6589344
6603872
6589488
6603912
6589528
6603944
6589560
6604088
6589704
6604128
6589744
6604160
6589776
6604344
6589920
6604528
6590064
6604712
6590208
6604896
6590352
6605080
6590496
6605264
6590640
6605448
6590784
6605632
6590928
6605816
6591072
6605896
6591152
6606184
6591440
6606224
6591480
6606256
6591512
6606400
6591656
6606440
6591696
6606584
6591840
6606624
6591880
6606768
6592024
6608096
6592064
6608240
6592208
6608280
6592248
6608424
6592392
6608464
6592432
6608608
6592576
6608648
6592616
6608792
6592760
6608832
6592800
6608976
6592944
6609016
6592984
6609160
6593128
6609200
6593168
6609384
6593312
6609568
6593456
6609752
6593600
6609936
6593744
6610080
6593888
6610120
6593928
6610264
6594072
6610304
6594112
6610448
6594256
6610488
6594296
6610632
6594440
6610672
6594480
6610816
6594624
6610856
6594664
6611000
6594808
6611040
6594848
6611184
6594992
6611224
6595032
6611368
6595176
6611408
6595216
6611552
6595360
6611592
6595400
6611736
6595544
6611776
6595584
6611960
6595728
6612104
6595872
6612144
6595912
6612288
6596056
6612328
6596096
6612472
6596240
6612512
6596280
6612656
6596424
6612696
6596464
6612840
6596608
6612880
6596648
6613024
6596792
6613064
6596832
6613208
6596976
6613248
6597016
6613392
6597160
6613432
6597200
6613616
6597344
6613760
6597488
6613800
6597528
6613944
6597672
6613984
6597712
6614128
6597856
6614168
6597896
6614312
6598040
6614352
6598080
6614496
6598224
6614536
6598264
6614680
6598408
6614720
6598448
6614864
6598592
6614904
6598632
6615048
6598776
6615088
6598816
6615232
6598960
6615272
6599000
6615416
6599144
6615456
6599184
6615600
6599328
6615640
6599368
6615784
6599512
6615824
6599552
6615888
6599584
6616072
6599728
6616256
6599872
6616440
6600016
6616624
6600160
6616808
6600304
6617248
6600448
6617432
6600592
6617616
6600736
6617800
6600880
6618032
6601024
6618520
6601168
6618552
6601200
6618584
6601232
6618768
6601376
6619424
6601520
6619568
6601664
6619608
6601704
6619752
6601848
6620048
6601888
6620232
6602032
6620416
6602176
6620448
6602208
6620672
6602352
6620856
6602496
6620904
6602544
6621088
6602688
6621456
6602832
6621632
6602864
6621664
6602896
6621728
6602960
6621920
6602992
6622248
6603280
6622320
6603312
6622352
6603344
6622464
6603376
6622496
6603408
6622680
6603552
6622864
6603696
6623008
6603840
6623048
6603880
6623192
6604024
6623264
6604064
6623384
6604096
6623568
6604240
6623712
6604384
6623752
6604424
6623896
6604568
6623976
6604608
6624288
6604640
6624616
6604672
6624872
6604816
6625056
6604960
6625088
6604992
6625120
6605024
6625304
6605168
6625488
6605312
6625672
6605456
6625704
6605488
6625960
6605632
6626032
6605664
6626064
6605696
6626248
6605840
6626288
6605880
6626320
6605912
6626360
6605952
6626536
6605984
6626664
6606024
6626736
6606056
6626816
6606088
6627000
6606232
6627184
6606376
6627368
6606520
6627552
6606664
6627848
6606808
6627992
6606952
6628032
6606992
6628104
6607064
6628248
6607208
6628344
6607248
6628560
6607392
6628776
6607536
6628816
6607576
6628848
6607608
6628928
6607688
6629408
6607976
6629592
6608120
6629664
6608152
6629808
6608184
6629880
6608256
6629936
6608312
6629968
6608344
6630128
6608376
6630288
6608408
6630416
6608440
6630544
6608472
6630672
6608504
6630744
6608536
6630872
6608568
6630944
6608600
6631072
6608632
6631200
6608664
6631272
6608696
6631400
6608728
6631472
6608760
6631632
6608792
6631704
6608824
6631792
6608856
6631832
6608896
6631872
6608936
6631904
6608968
6631944
6609008
6631976
6609040
6632016
6609080
6632048
6609112
6632088
6609152
6632120
6609184
6632160
6609224
6632192
6609256
6632232
6609296
6632264
6609328
6632304
6609368
6632336
6609400
6632376
6609440
6632408
6609472
6632448
6609512
6632480
6609544
6632520
6609584
6632552
6609616
6632592
6609656
6632624
6609688
6632664
6609728
6632696
6609760
6632736
6609800
6632768
6609832
6632808
6609872
6632840
6609904
6632880
6609944
6632912
6609976
6632952
6610016
