1
6571256
2
6571400
4
6571584
8
6571952
17
6572728
18
6572872
21
6573096
22
6573240
25
6573464
26
6573608
27
6573648
28
6573792
29
6573832
30
6573976
31
6574016
32
6574160
35
6574384
36
6574528
37
6574568
38
6574712
39
6574752
40
6574896
41
6574936
42
6575080
43
6575120
44
6575264
45
6575304
46
6575448
47
6575488
48
6575632
49
6575672
50
6575816
51
6575856
52
6576000
53
6576040
54
6576184
58
6576552
59
6576592
60
6576736
62
6576920
64
6577104
65
6577144
66
6577176
68
6577352
70
6577536
71
6577576
72
6577608
74
6577784
77
6578008
81
6578264
83
6578448
85
6578632
87
6578816
88
6578856
89
6578936
94
6579120
95
6579264
99
6579632
102
6579856
103
6580016
106
6580264
109
6580376
110
6580440
113
6580552
115
6580696
116
6580776
117
6580936
118
6581000
122
6581360
123
6581400
125
6581576
127
6581760
129
6581944
134
6582352
135
6582384
136
6582448
138
6582680
139
6582720
140
6582864
141
6582904
142
6582944
145
6583160
146
6583192
147
6583224
148
6583256
151
6583480
408
6591704
424
6592216
425
6592248
426
6592280
427
6592312
428
6592344
429
6592376
430
6592408
431
6592440
432
6592472
433
6592504
434
6592536
435
6592568
436
6592600
437
6592632
438
6592664
439
6592696
440
6592728
441
6592760
442
6592792
443
6592824
444
6592856
445
6592888
446
6592920
447
6592952
448
6592984
449
6593016
450
6593048
451
6593080
452
6593112
453
6593144
454
6593176
455
6593208
456
6593240
457
6593272
458
6593304
459
6593336
460
6593368
461
6593400
462
6593432
463
6593464
464
6593496
465
6593528
466
6593560
467
6593592
468
6593624
469
6593656
470
6593688
471
6593720
472
6593752
473
6593784
474
6593816
475
6593848
476
6593880
477
6593912
478
6593944
479
6593976
480
6594008
481
6594040
482
6594072
483
6594104
484
6594136
485
6594168
486
6594200
487
6594232
488
6594264
489
6594296
490
6594328
491
6594360
492
6594392
493
6594424
494
6594456
495
6594488
496
6594520
497
6594552
498
6594584
499
6594616
500
6594648
501
6594680
502
6594712
503
6594744
504
6594776
505
6594808
506
6594840
507
6594872
508
6594904
509
6594936
510
6594968
511
6595000
512
6595032
513
6595064
514
6595096
515
6595128
516
6595160
517
6595192
518
6595224
519
6595256
520
6595288
521
6595320
522
6595352
523
6595384
524
6595416
525
6595448
526
6595480
527
6595512
528
6595544
529
6595576
530
6595608
531
6595640
532
6595672
533
6595704
534
6595736
535
6595768
536
6595800
537
6595832
538
6595864
539
6595896
540
6595928
541
6595960
542
6595992
543
6596024
544
6596056
545
6596088
546
6596120
547
6596152
548
6596184
549
6596216
550
6596248
551
6596280
552
6596312
553
6596344
554
6596376
555
6596408
556
6596440
557
6596472
558
6596504
559
6596536
560
6596568
561
6596600
562
6596632
563
6596664
564
6596696
565
6596728
566
6596760
567
6596792
568
6596824
569
6596856
570
6596888
571
6596920
572
6596952
573
6596984
574
6597016
575
6597048
576
6597080
577
6597112
578
6597144
579
6597176
580
6597208
581
6597240
582
6597272
583
6597304
584
6597336
585
6597368
586
6597400
587
6597432
588
6597464
589
6597496
590
6597528
591
6597560
592
6597592
593
6597624
594
6597656
595
6597688
596
6597720
597
6597752
598
6597784
599
6597816
600
6597848
601
6597880
602
6597912
603
6597944
604
6597976
605
6598008
606
6598040
607
6598072
608
6598104
609
6598136
610
6598168
611
6598200
612
6598232
613
6598264
614
6598296
615
6598328
616
6598360
617
6598392
618
6598424
619
6598456
620
6598488
621
6598520
622
6598552
623
6598584
624
6598616
625
6598648
626
6598680
627
6598712
628
6598744
629
6598776
630
6598808
631
6598840
632
6598872
633
6598904
634
6598936
635
6598968
636
6599000
637
6599032
638
6599064
639
6599096
640
6599128
641
6599160
642
6599192
643
6599224
644
6599256
645
6599288
646
6599320
647
6599352
648
6599384
649
6599416
650
6599448
651
6599480
652
6599512
653
6599544
654
6599576
655
6599608
656
6599640
657
6599672
658
6599704
659
6599736
660
6599768
661
6599800
662
6599832
663
6599864
664
6599896
665
6599928
666
6599992
667
6600056
668
6600120
675
6600728
677
6600912
679
6601096
680
6601136
682
6601312
684
6601496
685
6601536
699
6602744
700
6602784
719
6603472
722
6603688
730
6604304
732
6604488
734
6604672
736
6604856
738
6605040
740
6605224
742
6605408
744
6605592
746
6605776
757
6606808
758
6606952
759
6606992
760
6607136
761
6607176
762
6607320
763
6607360
764
6607504
765
6607544
766
6607688
767
6607728
768
6607872
769
6607912
770
6608056
784
6609344
786
6609528
788
6609712
790
6609896
812
6611920
830
6613576
856
6615856
858
6616032
860
6616216
862
6616400
864
6616584
866
6616768
868
6616952
869
6616992
870
6617024
871
6617064
872
6617208
874
6617392
876
6617576
878
6617760
880
6617944
881
6617984
883
6618176
884
6618216
885
6618296
886
6618440
887
6618480
891
6618728
893
6618912
894
6618952
895
6619008
896
6619168
897
6619232
898
6619296
899
6619360
904
6619792
905
6619856
906
6619920
907
6619984
909
6620192
911
6620376
914
6620592
915
6620632
917
6620816
920
6621048
922
6621232
923
6621272
924
6621312
925
6621344
926
6621384
927
6621416
929
6621488
930
6621528
931
6621560
932
6621600
936
6621760
937
6621824
938
6621856
939
6621888
941
6622208
943
6622280
946
6622384
947
6622424
950
6622640
952
6622824
957
6623232
959
6623296
961
6623528
966
6623936
968
6624008
969
6624152
970
6624192
971
6624248
973
6624320
974
6624464
975
6624504
976
6624560
978
6624760
979
6624800
981
6625016
985
6625264
987
6625448
989
6625632
992
6625848
993
6625888
994
6625920
996
6625992
999
6626208
1004
6626392
1006
6626576
1007
6626624
1009
6626696
1011
6626768
1013
6626960
1015
6627144
1017
6627328
1019
6627512
1021
6627696
1022
6627736
1028
6628288
1030
6628488
1031
6628528
1033
6628704
1034
6628744
1039
6629216
1041
6629552
1043
6629624
1045
6629696
1050
6630000
1051
6630088
1053
6630160
1054
6630192
1055
6630248
1057
6630320
1058
6630376
1060
6630448
1061
6630504
1063
6630576
1064
6630632
1066
6630704
1068
6630776
1069
6630832
1071
6630904
1073
6630976
1074
6631032
1076
6631104
1077
6631160
1079
6631232
1081
6631304
1082
6631360
1084
6631432
1086
6631504
1087
6631536
1088
6631592
1090
6631664
1092
6631736
