0
6571232
3
6571440
5
6571624
6
6571768
7
6571808
9
6571992
10
6572136
11
6572176
12
6572320
13
6572360
14
6572504
15
6572544
16
6572688
19
6572912
20
6573056
23
6573280
24
6573424
55
6576224
56
6576368
57
6576408
61
6576776
63
6576960
69
6577392
75
6577824
76
6577968
78
6578048
79
6578088
82
6578304
84
6578488
86
6578672
90
6578976
91
6579016
92
6579048
93
6579088
96
6579304
97
6579448
98
6579488
100
6579672
101
6579816
107
6580304
108
6580344
104
6580080
105
6580224
111
6580480
112
6580520
80
6578120
114
6580616
73
6577640
119
6581032
120
6581176
67
6577208
121
6581216
124
6581432
126
6581616
128
6581800
130
6581984
131
6582128
132
6582168
133
6582312
137
6582536
143
6582976
144
6583120
33
6574200
34
6574344
149
6583296
150
6583440
152
6583512
153
6583544
154
6583576
155
6583608
156
6583640
157
6583672
158
6583704
159
6583736
160
6583768
161
6583800
162
6583832
163
6583864
164
6583896
165
6583928
166
6583960
167
6583992
168
6584024
169
6584056
170
6584088
171
6584120
172
6584152
173
6584184
174
6584216
175
6584248
176
6584280
177
6584312
178
6584344
179
6584376
180
6584408
181
6584440
182
6584472
183
6584504
184
6584536
185
6584568
186
6584600
187
6584632
188
6584664
189
6584696
190
6584728
191
6584760
192
6584792
193
6584824
194
6584856
195
6584888
196
6584920
197
6584952
198
6584984
199
6585016
200
6585048
201
6585080
202
6585112
203
6585144
204
6585176
205
6585208
206
6585240
207
6585272
208
6585304
209
6585336
210
6585368
211
6585400
212
6585432
213
6585464
214
6585496
215
6585528
216
6585560
217
6585592
218
6585624
219
6585656
220
6585688
221
6585720
222
6585752
223
6585784
224
6585816
225
6585848
226
6585880
227
6585912
228
6585944
229
6585976
230
6586008
231
6586040
232
6586072
233
6586104
234
6586136
235
6586168
236
6586200
237
6586232
238
6586264
239
6586296
240
6586328
241
6586360
242
6586392
243
6586424
244
6586456
245
6586488
246
6586520
247
6586552
248
6586584
249
6586616
250
6586648
251
6586680
252
6586712
253
6586744
254
6586776
255
6586808
256
6586840
257
6586872
258
6586904
259
6586936
260
6586968
261
6587000
262
6587032
263
6587064
264
6587096
265
6587128
266
6587160
267
6587192
268
6587224
269
6587256
270
6587288
271
6587320
272
6587352
273
6587384
274
6587416
275
6587448
276
6587480
277
6587512
278
6587544
279
6587576
280
6587608
281
6587640
282
6587672
283
6587704
284
6587736
285
6587768
286
6587800
287
6587832
288
6587864
289
6587896
290
6587928
291
6587960
292
6587992
293
6588024
294
6588056
295
6588088
296
6588120
297
6588152
298
6588184
299
6588216
300
6588248
301
6588280
302
6588312
303
6588344
304
6588376
305
6588408
306
6588440
307
6588472
308
6588504
309
6588536
310
6588568
311
6588600
312
6588632
313
6588664
314
6588696
315
6588728
316
6588760
317
6588792
318
6588824
319
6588856
320
6588888
321
6588920
322
6588952
323
6588984
324
6589016
325
6589048
326
6589080
327
6589112
328
6589144
329
6589176
330
6589208
331
6589240
332
6589272
333
6589304
334
6589336
335
6589368
336
6589400
337
6589432
338
6589464
339
6589496
340
6589528
341
6589560
342
6589592
343
6589624
344
6589656
345
6589688
346
6589720
347
6589752
348
6589784
349
6589816
350
6589848
351
6589880
352
6589912
353
6589944
354
6589976
355
6590008
356
6590040
357
6590072
358
6590104
359
6590136
360
6590168
361
6590200
362
6590232
363
6590264
364
6590296
365
6590328
366
6590360
367
6590392
368
6590424
369
6590456
370
6590488
371
6590520
372
6590552
373
6590584
374
6590616
375
6590648
376
6590680
377
6590712
378
6590744
379
6590776
380
6590808
381
6590840
382
6590872
383
6590904
384
6590936
385
6590968
386
6591000
387
6591032
388
6591064
389
6591096
390
6591128
391
6591160
392
6591192
393
6591224
394
6591256
395
6591288
396
6591320
397
6591352
398
6591384
399
6591416
400
6591448
401
6591480
402
6591512
403
6591544
404
6591576
405
6591608
406
6591640
407
6591672
409
6591736
410
6591768
411
6591800
412
6591832
413
6591864
414
6591896
415
6591928
416
6591960
417
6591992
418
6592024
419
6592056
420
6592088
421
6592120
422
6592152
423
6592184
670
6600328
672
6600512
687
6601760
689
6601944
692
6602160
694
6602344
696
6602528
702
6602864
704
6602936
706
6603008
708
6603080
710
6603152
712
6603224
714
6603296
716
6603368
718
6603440
720
6603512
724
6603872
727
6604088
748
6605896
750
6606224
752
6606400
754
6606584
756
6606768
772
6608240
774
6608424
776
6608608
778
6608792
780
6608976
782
6609160
792
6610080
794
6610264
796
6610448
798
6610632
800
6610816
802
6611000
804
6611184
806
6611368
808
6611552
810
6611736
814
6612104
816
6612288
818
6612472
820
6612656
822
6612840
824
6613024
826
6613208
828
6613392
832
6613760
834
6613944
836
6614128
838
6614312
840
6614496
842
6614680
844
6614864
846
6615048
848
6615232
850
6615416
852
6615600
854
6615784
888
6618520
901
6619568
903
6619752
928
6621456
944
6622320
954
6623008
956
6623192
963
6623712
965
6623896
967
6623976
972
6624288
995
6625960
997
6626032
1001
6626288
1003
6626360
1005
6626536
1008
6626664
1010
6626736
1024
6627992
1027
6628248
1036
6628816
1038
6628928
1044
6629664
1052
6630128
1056
6630288
1059
6630416
1062
6630544
1065
6630672
1067
6630744
1070
6630872
1072
6630944
1075
6631072
1078
6631200
1080
6631272
1083
6631400
1085
6631472
1089
6631632
1091
6631704
1093
6631792
1095
6631872
1097
6631944
1099
6632016
1101
6632088
1103
6632160
1105
6632232
1107
6632304
1109
6632376
1111
6632448
1113
6632520
1115
6632592
1117
6632664
1119
6632736
1121
6632808
1123
6632880
1125
6632952
669
6600184
671
6600368
673
6600552
674
6600584
676
6600768
678
6600952
681
6601168
683
6601352
686
6601616
688
6601800
690
6601984
691
6602016
693
6602200
695
6602384
697
6602568
698
6602600
701
6602824
703
6602896
705
6602968
707
6603040
709
6603112
711
6603184
713
6603256
715
6603328
717
6603400
721
6603544
723
6603728
725
6603912
726
6603944
728
6604128
729
6604160
731
6604344
733
6604528
735
6604712
737
6604896
739
6605080
741
6605264
743
6605448
745
6605632
747
6605816
749
6606184
751
6606256
753
6606440
755
6606624
771
6608096
773
6608280
775
6608464
777
6608648
779
6608832
781
6609016
783
6609200
785
6609384
787
6609568
789
6609752
791
6609936
793
6610120
795
6610304
797
6610488
799
6610672
801
6610856
803
6611040
805
6611224
807
6611408
809
6611592
811
6611776
813
6611960
815
6612144
817
6612328
819
6612512
821
6612696
823
6612880
825
6613064
827
6613248
829
6613432
831
6613616
833
6613800
835
6613984
837
6614168
839
6614352
841
6614536
843
6614720
845
6614904
847
6615088
849
6615272
851
6615456
853
6615640
855
6615824
857
6615888
859
6616072
861
6616256
863
6616440
865
6616624
867
6616808
873
6617248
875
6617432
877
6617616
879
6617800
882
6618032
889
6618552
890
6618584
892
6618768
900
6619424
902
6619608
908
6620048
910
6620232
912
6620416
913
6620448
916
6620672
918
6620856
919
6620904
921
6621088
933
6621632
934
6621664
935
6621728
940
6621920
942
6622248
945
6622352
948
6622464
949
6622496
951
6622680
953
6622864
955
6623048
958
6623264
960
6623384
962
6623568
964
6623752
977
6624616
980
6624872
982
6625056
983
6625088
984
6625120
986
6625304
988
6625488
990
6625672
991
6625704
998
6626064
1000
6626248
1002
6626320
1012
6626816
1014
6627000
1016
6627184
1018
6627368
1020
6627552
1023
6627848
1025
6628032
1026
6628104
1029
6628344
1032
6628560
1035
6628776
1037
6628848
1040
6629408
1042
6629592
1046
6629808
1047
6629880
1048
6629936
1049
6629968
1094
6631832
1096
6631904
1098
6631976
1100
6632048
1102
6632120
1104
6632192
1106
6632264
1108
6632336
1110
6632408
1112
6632480
1114
6632552
1116
6632624
1118
6632696
1120
6632768
1122
6632840
1124
6632912
