1337
6633024
0
6633184
1
6633344
2
6633504
4
6633664
5
6633824
6
6633984
7
6634144
3
6634304
8
6634464
10
6634624
11
6634784
13
6634944
14
6635104
16
6635264
18
6635424
19
6635584
20
6635744
21
6635904
22
6636064
24
6636224
25
6636384
27
6636544
29
6636704
30
6636864
32
6637024
34
6637184
35
6637344
36
6637504
38
6637664
40
6637824
41
6637984
43
6638144
44
6638304
46
6638464
47
6638624
48
6638784
51
6638944
54
6639104
56
6639264
57
6639424
58
6639584
59
6639744
60
6639904
63
6640064
64
6640224
67
6640384
68
6640544
69
6640704
70
6640864
71
6641024
72
6641184
73
6641344
26
6641504
74
6641664
75
6641824
