-1
-1
382
6584960
-1
-1
-1
-1
-1
-1
-1
-1
-1
-1
-1
-1
-1
-1
-1
-1
-1
-1
-1
-1
383
6584992
-1
-1
-1
-1
-1
-1
-1
-1
-1
-1
-1
-1
-1
-1
-1
-1
-1
-1
-1
-1
384
6585024
-1
-1
-1
-1
-1
-1
-1
-1
-1
-1
-1
-1
-1
-1
-1
-1
-1
-1
-1
-1
385
6585056
-1
-1
-1
-1
-1
-1
-1
-1
-1
-1
-1
-1
-1
-1
-1
-1
-1
-1
-1
-1
386
6585088
-1
-1
-1
-1
-1
-1
-1
-1
-1
-1
-1
-1
-1
-1
-1
-1
-1
-1
-1
-1
387
6585120
-1
-1
-1
-1
-1
-1
-1
-1
-1
-1
-1
-1
-1
-1
-1
-1
-1
-1
-1
-1
388
6585152
-1
-1
-1
-1
-1
-1
-1
-1
-1
-1
-1
-1
-1
-1
-1
-1
-1
-1
-1
-1
389
6585184
-1
-1
-1
-1
-1
-1
-1
-1
-1
-1
-1
-1
-1
-1
-1
-1
-1
-1
390
6585216
-1
-1
-1
-1
-1
-1
-1
-1
-1
-1
-1
-1
-1
-1
-1
-1
-1
-1
391
6585248
-1
-1
-1
-1
-1
-1
-1
-1
-1
-1
-1
-1
-1
-1
-1
-1
-1
-1
392
6585280
-1
-1
-1
-1
-1
-1
-1
-1
-1
-1
-1
-1
-1
-1
-1
-1
-1
-1
393
6585312
-1
-1
-1
-1
-1
-1
-1
-1
-1
-1
-1
-1
-1
-1
-1
-1
-1
-1
394
6585344
-1
-1
-1
-1
-1
-1
-1
-1
-1
-1
-1
-1
-1
-1
-1
-1
-1
-1
395
6585376
-1
-1
-1
-1
-1
-1
-1
-1
-1
-1
-1
-1
-1
-1
-1
-1
-1
-1
396
6585408
-1
-1
-1
-1
-1
-1
-1
-1
-1
-1
-1
-1
-1
-1
-1
-1
397
6585440
-1
-1
-1
-1
-1
-1
-1
-1
-1
-1
-1
-1
-1
-1
398
6585472
-1
-1
-1
-1
-1
-1
-1
-1
-1
-1
-1
-1
-1
-1
399
6585504
-1
-1
-1
-1
-1
-1
-1
-1
-1
-1
-1
-1
-1
-1
400
6585536
-1
-1
-1
-1
-1
-1
-1
-1
-1
-1
-1
-1
-1
-1
401
6585568
-1
-1
-1
-1
-1
-1
-1
-1
-1
-1
-1
-1
-1
-1
402
6585600
-1
-1
-1
-1
-1
-1
-1
-1
-1
-1
-1
-1
-1
-1
403
6585632
-1
-1
-1
-1
-1
-1
-1
-1
-1
-1
-1
-1
-1
-1
404
6585664
-1
-1
-1
-1
-1
-1
-1
-1
-1
-1
-1
-1
-1
-1
405
6585696
-1
-1
-1
-1
-1
-1
-1
-1
-1
-1
-1
-1
-1
-1
406
6585728
-1
-1
-1
-1
-1
-1
-1
-1
-1
-1
-1
-1
-1
-1
407
6585760
-1
-1
-1
-1
-1
-1
-1
-1
-1
-1
-1
-1
-1
-1
-1
-1
-1
-1
-1
-1
-1
-1
-1
-1
409
6585792
-1
-1
-1
-1
-1
-1
-1
-1
-1
-1
-1
-1
-1
-1
-1
-1
-1
-1
-1
-1
-1
-1
410
6585824
-1
-1
-1
-1
-1
-1
-1
-1
-1
-1
-1
-1
-1
-1
-1
-1
-1
-1
-1
-1
-1
-1
411
6585856
-1
-1
-1
-1
-1
-1
-1
-1
-1
-1
-1
-1
-1
-1
-1
-1
-1
-1
-1
-1
-1
-1
412
6585888
-1
-1
-1
-1
-1
-1
-1
-1
-1
-1
-1
-1
-1
-1
-1
-1
-1
-1
-1
-1
-1
-1
413
6585920
-1
-1
-1
-1
-1
-1
-1
-1
-1
-1
-1
-1
-1
-1
-1
-1
-1
-1
-1
-1
-1
-1
414
6585952
-1
-1
-1
-1
-1
-1
-1
-1
-1
-1
-1
-1
-1
-1
-1
-1
-1
-1
-1
-1
-1
-1
415
6585984
-1
-1
-1
-1
-1
-1
-1
-1
-1
-1
-1
-1
-1
-1
-1
-1
-1
-1
-1
-1
-1
-1
416
6586016
-1
-1
-1
-1
-1
-1
-1
-1
-1
-1
-1
-1
-1
-1
-1
-1
-1
-1
-1
-1
-1
-1
417
6586048
-1
-1
-1
-1
-1
-1
-1
-1
-1
-1
-1
-1
-1
-1
-1
-1
-1
-1
-1
-1
-1
-1
418
6586080
-1
-1
-1
-1
-1
-1
-1
-1
-1
-1
-1
-1
-1
-1
-1
-1
-1
-1
-1
-1
-1
-1
419
6586112
-1
-1
-1
-1
-1
-1
-1
-1
-1
-1
-1
-1
-1
-1
-1
-1
-1
-1
-1
-1
-1
-1
420
6586144
-1
-1
-1
-1
-1
-1
-1
-1
-1
-1
-1
-1
-1
-1
-1
-1
-1
-1
-1
-1
-1
-1
421
6586176
-1
-1
-1
-1
-1
-1
-1
-1
-1
-1
-1
-1
-1
-1
-1
-1
-1
-1
-1
-1
-1
-1
422
6586208
-1
-1
-1
-1
-1
-1
-1
-1
-1
-1
-1
-1
-1
-1
-1
-1
-1
-1
-1
-1
423
6586240
-1
-1
-1
-1
-1
-1
-1
-1
-1
-1
-1
-1
-1
-1
-1
-1
-1
-1
-1
-1
-1
-1
-1
-1
-1
-1
-1
-1
-1
-1
-1
-1
-1
-1
-1
-1
-1
-1
-1
-1
-1
-1
-1
-1
-1
-1
-1
-1
-1
-1
-1
-1
-1
-1
-1
-1
-1
-1
-1
-1
-1
-1
-1
-1
-1
-1
-1
-1
-1
-1
-1
-1
-1
-1
-1
-1
-1
-1
-1
-1
-1
-1
-1
-1
-1
-1
-1
-1
-1
-1
-1
-1
-1
-1
-1
-1
-1
-1
-1
-1
-1
-1
-1
-1
-1
-1
-1
-1
-1
-1
-1
-1
-1
-1
-1
-1
-1
-1
-1
-1
-1
-1
-1
-1
-1
-1
-1
-1
-1
-1
-1
-1
-1
-1
-1
-1
-1
-1
-1
-1
-1
-1
-1
-1
-1
-1
-1
-1
-1
-1
-1
-1
-1
-1
-1
-1
-1
-1
-1
-1
-1
-1
-1
-1
-1
-1
-1
-1
-1
-1
-1
-1
-1
-1
-1
-1
-1
-1
-1
-1
-1
-1
-1
-1
-1
-1
-1
-1
-1
-1
-1
-1
-1
-1
-1
-1
-1
-1
-1
-1
-1
-1
-1
-1
-1
-1
-1
-1
-1
-1
-1
-1
-1
-1
-1
-1
-1
-1
-1
-1
-1
-1
-1
-1
-1
-1
-1
-1
-1
-1
-1
-1
-1
-1
-1
-1
-1
-1
-1
-1
-1
-1
-1
-1
-1
-1
-1
-1
-1
-1
-1
-1
-1
-1
-1
-1
-1
-1
-1
-1
-1
-1
-1
-1
-1
-1
-1
-1
-1
-1
-1
-1
-1
-1
-1
-1
-1
-1
-1
-1
-1
-1
-1
-1
-1
-1
-1
-1
-1
-1
-1
-1
-1
-1
-1
-1
-1
-1
-1
-1
-1
-1
-1
-1
-1
-1
-1
-1
-1
-1
-1
-1
-1
-1
-1
-1
-1
-1
-1
-1
-1
-1
-1
-1
-1
-1
-1
-1
-1
-1
-1
-1
-1
-1
-1
-1
-1
-1
-1
-1
-1
-1
-1
-1
-1
-1
-1
-1
-1
-1
-1
-1
-1
-1
-1
-1
-1
-1
-1
-1
-1
-1
-1
-1
-1
-1
-1
-1
-1
-1
-1
-1
-1
-1
-1
-1
-1
-1
-1
-1
-1
-1
-1
-1
-1
-1
-1
-1
-1
-1
-1
-1
-1
-1
-1
-1
-1
-1
-1
-1
-1
-1
-1
-1
-1
-1
-1
-1
-1
-1
-1
-1
-1
-1
-1
-1
-1
-1
-1
-1
-1
-1
-1
-1
-1
-1
-1
-1
-1
-1
-1
-1
-1
-1
-1
-1
-1
-1
-1
-1
-1
-1
-1
-1
-1
-1
-1
-1
-1
-1
-1
-1
-1
-1
-1
-1
-1
-1
-1
-1
-1
-1
-1
-1
-1
-1
-1
-1
-1
-1
-1
-1
-1
-1
-1
-1
-1
-1
-1
-1
-1
-1
-1
-1
-1
-1
-1
-1
-1
-1
-1
-1
-1
-1
-1
-1
-1
-1
-1
-1
-1
-1
-1
-1
670
6586416
-1
-1
672
6586600
-1
-1
-1
-1
-1
-1
-1
-1
-1
-1
-1
-1
-1
-1
-1
-1
-1
-1
-1
-1
-1
-1
-1
-1
-1
-1
-1
-1
687
6587536
-1
-1
689
6587720
-1
-1
-1
-1
692
6587936
-1
-1
694
6582208
-1
-1
696
6588304
-1
-1
-1
-1
-1
-1
-1
-1
-1
-1
702
6588560
-1
-1
704
6582720
-1
-1
706
6588704
-1
-1
708
6588776
-1
-1
710
6588848
-1
-1
712
6583008
-1
-1
714
6588992
-1
-1
716
6589064
-1
-1
718
6589136
-1
-1
720
6589168
-1
-1
-1
-1
-1
-1
724
6589488
-1
-1
-1
-1
727
6589704
-1
-1
-1
-1
-1
-1
-1
-1
-1
-1
-1
-1
-1
-1
-1
-1
-1
-1
-1
-1
-1
-1
-1
-1
-1
-1
-1
-1
-1
-1
-1
-1
-1
-1
-1
-1
-1
-1
-1
-1
748
6591152
-1
-1
750
6585568
-1
-1
752
6591656
-1
-1
754
6591840
-1
-1
756
6586080
-1
-1
-1
-1
-1
-1
-1
-1
-1
-1
-1
-1
-1
-1
-1
-1
-1
-1
-1
-1
-1
-1
-1
-1
-1
-1
-1
-1
-1
-1
772
6592208
-1
-1
774
6592392
-1
-1
776
6592576
-1
-1
778
6592760
-1
-1
780
6592944
-1
-1
782
6593128
-1
-1
-1
-1
-1
-1
-1
-1
-1
-1
-1
-1
-1
-1
-1
-1
-1
-1
792
6593888
-1
-1
794
6594072
-1
-1
796
6594256
-1
-1
798
6594440
-1
-1
800
6594624
-1
-1
802
6594808
-1
-1
804
6594992
-1
-1
806
6595176
-1
-1
808
6595360
-1
-1
810
6595544
-1
-1
-1
-1
-1
-1
814
6595872
-1
-1
816
6596056
-1
-1
818
6596240
-1
-1
820
6596424
-1
-1
822
6596608
-1
-1
824
6596792
-1
-1
826
6596976
-1
-1
828
6597160
-1
-1
-1
-1
-1
-1
832
6597488
-1
-1
834
6597672
-1
-1
836
6597856
-1
-1
838
6598040
-1
-1
840
6598224
-1
-1
842
6598408
-1
-1
844
6598592
-1
-1
846
6598776
-1
-1
848
6598960
-1
-1
850
6599144
-1
-1
852
6599328
-1
-1
854
6599512
-1
-1
-1
-1
-1
-1
-1
-1
-1
-1
-1
-1
-1
-1
-1
-1
-1
-1
-1
-1
-1
-1
-1
-1
-1
-1
-1
-1
-1
-1
-1
-1
-1
-1
-1
-1
-1
-1
-1
-1
-1
-1
-1
-1
-1
-1
-1
-1
-1
-1
-1
-1
-1
-1
-1
-1
-1
-1
-1
-1
-1
-1
-1
-1
-1
-1
888
6587104
-1
-1
-1
-1
-1
-1
-1
-1
-1
-1
-1
-1
-1
-1
-1
-1
-1
-1
-1
-1
-1
-1
-1
-1
901
6601664
-1
-1
903
6601848
-1
-1
-1
-1
-1
-1
-1
-1
-1
-1
-1
-1
-1
-1
-1
-1
-1
-1
-1
-1
-1
-1
-1
-1
-1
-1
-1
-1
-1
-1
-1
-1
-1
-1
-1
-1
-1
-1
-1
-1
-1
-1
-1
-1
-1
-1
-1
-1
928
6602832
-1
-1
-1
-1
-1
-1
-1
-1
-1
-1
-1
-1
-1
-1
-1
-1
-1
-1
-1
-1
-1
-1
-1
-1
-1
-1
-1
-1
-1
-1
944
6603312
-1
-1
-1
-1
-1
-1
-1
-1
-1
-1
-1
-1
-1
-1
-1
-1
-1
-1
954
6603840
-1
-1
956
6604024
-1
-1
-1
-1
-1
-1
-1
-1
-1
-1
-1
-1
963
6604384
-1
-1
965
6604568
-1
-1
967
6604608
-1
-1
-1
-1
-1
-1
-1
-1
972
6604640
-1
-1
-1
-1
-1
-1
-1
-1
-1
-1
-1
-1
-1
-1
-1
-1
-1
-1
-1
-1
-1
-1
-1
-1
-1
-1
-1
-1
-1
-1
-1
-1
-1
-1
-1
-1
-1
-1
-1
-1
-1
-1
-1
-1
995
6590928
-1
-1
997
6605664
-1
-1
-1
-1
-1
-1
1001
6605880
-1
-1
1003
6605952
-1
-1
1005
6605984
-1
-1
-1
-1
1008
6606024
-1
-1
1010
6606056
-1
-1
-1
-1
-1
-1
-1
-1
-1
-1
-1
-1
-1
-1
-1
-1
-1
-1
-1
-1
-1
-1
-1
-1
-1
-1
1024
6606952
-1
-1
-1
-1
1027
6607208
-1
-1
-1
-1
-1
-1
-1
-1
-1
-1
-1
-1
-1
-1
-1
-1
1036
6607576
-1
-1
1038
6607688
-1
-1
-1
-1
-1
-1
-1
-1
-1
-1
1044
6608152
-1
-1
-1
-1
-1
-1
-1
-1
-1
-1
-1
-1
-1
-1
1052
6608376
-1
-1
-1
-1
-1
-1
1056
6608408
-1
-1
-1
-1
1059
6608440
-1
-1
-1
-1
1062
6608472
-1
-1
-1
-1
1065
6608504
-1
-1
1067
6608536
-1
-1
-1
-1
1070
6608568
-1
-1
1072
6608600
-1
-1
-1
-1
1075
6608632
-1
-1
-1
-1
1078
6608664
-1
-1
1080
6608696
-1
-1
-1
-1
1083
6608728
-1
-1
1085
6608760
-1
-1
-1
-1
-1
-1
1089
6592760
-1
-1
1091
6608824
-1
-1
-1
-1
-1
-1
-1
-1
-1
-1
1097
6609008
-1
-1
1099
6609080
-1
-1
1101
6609152
-1
-1
1103
6609224
-1
-1
1105
6609296
-1
-1
1107
6609368
-1
-1
1109
6609440
-1
-1
1111
6609512
-1
-1
1113
6609584
-1
-1
1115
6609656
-1
-1
1117
6609728
-1
-1
1119
6609800
-1
-1
1121
6609872
-1
-1
1123
6609944
-1
-1
1125
6610016
-1
-1
1127
6610088
-1
-1
1129
6610160
-1
-1
1131
6610232
-1
-1
1133
6610304
-1
-1
1135
6610376
-1
-1
1137
6610448
-1
-1
1139
6610520
-1
-1
1141
6610592
-1
-1
1143
6610664
-1
-1
1145
6610736
-1
-1
1147
6610808
-1
-1
1149
6610880
-1
-1
1151
6610952
-1
-1
1153
6611024
-1
-1
1155
6611096
-1
-1
1157
6611168
-1
-1
1159
6611240
-1
-1
1161
6611312
-1
-1
1163
6611384
-1
-1
1165
6611456
-1
-1
1167
6611528
-1
-1
1169
6611600
-1
-1
1171
6611672
-1
-1
1173
6611744
-1
-1
1175
6611816
-1
-1
1177
6611888
-1
-1
1179
6611960
-1
-1
1181
6612032
-1
-1
1183
6612104
-1
-1
1185
6612176
-1
-1
1187
6612248
-1
-1
1189
6612320
-1
-1
1191
6612392
-1
-1
1193
6612464
-1
-1
1195
6612536
-1
-1
1197
6612608
-1
-1
1199
6612680
-1
-1
1201
6612752
-1
-1
1203
6612824
-1
-1
1205
6612896
-1
-1
1207
6612968
-1
-1
1209
6613040
-1
-1
1211
6613112
-1
-1
1213
6613184
-1
-1
1215
6613256
-1
-1
1217
6613328
-1
-1
1219
6613400
-1
-1
1221
6613472
-1
-1
1223
6613544
-1
-1
1225
6613616
-1
-1
1227
6613688
-1
-1
1229
6613760
-1
-1
1231
6613832
-1
-1
1233
6613904
-1
-1
1235
6613976
-1
-1
1237
6614048
-1
-1
1239
6614120
-1
-1
1241
6614192
-1
-1
1243
6614264
-1
-1
1245
6614336
-1
-1
1247
6614408
-1
-1
1249
6614480
-1
-1
1251
6614552
-1
-1
1253
6614624
-1
-1
1255
6614696
-1
-1
1257
6614768
-1
-1
1259
6614840
-1
-1
1261
6614912
-1
-1
1263
6614984
-1
-1
1265
6615056
-1
-1
1267
6615128
-1
-1
1269
6615200
-1
-1
1271
6615272
-1
-1
1273
6615344
-1
-1
1275
6615416
-1
-1
1277
6615488
-1
-1
1279
6615560
-1
-1
1281
6615632
-1
-1
1283
6615704
-1
-1
1285
6615776
-1
-1
1287
6615848
-1
-1
1289
6615920
-1
-1
1291
6615992
-1
-1
1293
6616064
-1
-1
1295
6616136
-1
-1
1297
6616208
-1
-1
1299
6616280
-1
-1
1301
6616352
-1
-1
1303
6616424
-1
-1
1305
6616496
-1
-1
1307
6616568
-1
-1
1309
6616640
-1
-1
1311
6616712
-1
-1
1313
6616784
-1
-1
1315
6616856
-1
-1
1317
6616928
-1
-1
1319
6617000
1320
6617032
